表2 主要变量Pearson相关系数矩阵

────────────────────────────────────────────────────────────────────────────────────────────
变量            CH$_4$ (ppm)  CO$_2$ (ppm)  TOC (mg/L)  DO (mg/L)  pH       COD (mg/L)
────────────────────────────────────────────────────────────────────────────────────────────
CH$_4$ (ppm)  1.000         0.214         0.026       -0.446     -0.534*  -0.147    
CO$_2$ (ppm)  0.214         1.000         0.067       -0.378     -0.289   -0.146    
TOC (mg/L)    0.026         0.067         1.000       -0.265     0.446    -0.219    
DO (mg/L)     -0.446        -0.378        -0.265      1.000      0.160    0.261     
pH            -0.534*       -0.289        0.446       0.160      1.000    -0.036    
COD (mg/L)    -0.147        -0.146        -0.219      0.261      -0.036   1.000     
────────────────────────────────────────────────────────────────────────────────────────────

注：* p<0.05, ** p<0.01, *** p<0.001